==============================================================================
 ДЕКОДИРОВАННЫЕ ТАБЛИЦЫ R32_GTS4 (формулы RB20det.xdf применены)
 Реальные физические значения. Оси карт: строки=RPM, столбцы=TP (нагрузка).
==============================================================================


------------------------------------------------------------------------------
 PRIMARY TIMING @0x7400 — зажигание, градусы (eq 1.0*X). [xxx]=флаг-байт
------------------------------------------------------------------------------
RPM\TP|  1.5  2.0  2.5  3.0  3.5  4.0  4.5  5.0  6.0  6.5  7.0  8.0  9.0 10.0 11.0 13.0
   400|    5    5    5    5    5    5    4[131][129][128][128][128][128][128][128][128]
   800|   28   28   25   22   19   17   16[143][141][140][139][137][137][137][137][137]
  1200|   32   32   31   29   27   25   23[150][146][145][144][142][140][140][140][140]
  1600|   34   34   33   32   29   27   25   23[150][149][148][145][143][141][141][141]
  2000|   38   38   37   35   33   31   29   27   24   22   22[148][145][142][142][142]
  2400|   40   40   38   36   34   32   30   28   26   25   25[152][150][147][142][132]
  2800|   41   41   39   37   35   33   32   31   27   26   26[154][151][148][145][134]
  3200|   41   41   40   38   36   34   32   31   29   28   27[154][152][150][147][138]
  3600|   43   43   42   40   38   36   33   31   30   29   28   27   27   24   21   10
  4000|   43   43   41   39   36   35   33   32   29   29   29   29   26   22   19   10
  4400|   36   36   36   35   35   33   31   30   28   28   27   24   23   19   14    8
  4800|   29   29   29   28   28   28   28   27   27   27   29   26   25   24   21   13
  5200|   29   29   29   28   28   28   28   27   26   25   24   24   24   24   23   19
  5600|   29   29   29   28   28   28   27   26   24   22   22   22   22   22   22   20
  6000|   29   29   29   28   28   28   27   26   24   22   22   22   22   22   22   20
  6400|   29   29   29   28   28   28   27   26   24   22   22   22   23   23   23   20
 (KNOCK TIMING @0x7C00 — ИДЕНТИЧНА Primary, см. R32_dump_разбор.txt раздел H)


------------------------------------------------------------------------------
 PRIMARY FUEL @0x7D00 — AFR (>=128 closed 1881.6/(X-64), иначе open 1881.6/(X+128))
------------------------------------------------------------------------------
RPM\TP|  1.5  2.0  2.5  3.0  3.5  4.0  4.5  5.0  6.0  6.5  7.0  8.0  9.0 10.0 11.0 13.0
   400| 17.6 17.6 16.4 16.4 16.4 16.4 16.4 15.6 15.6 15.6 15.6 15.6 15.6 15.6 15.6 15.6
   800| 14.3 14.4 14.7 14.9 14.9 14.9 14.8 14.7 13.9 13.0 13.0 13.0 13.0 13.0 13.0 13.0
  1200| 14.6 14.6 14.8 14.8 15.2 15.2 14.9 14.9 13.9 13.0 13.0 13.0 13.0 13.0 13.0 13.0
  1600| 14.5 14.5 14.8 15.2 15.2 15.2 14.9 14.9 14.9 13.9 13.0 13.0 13.0 13.0 13.0 13.0
  2000| 14.5 14.5 14.5 14.7 14.8 14.9 14.9 14.8 14.8 13.9 13.3 12.9 12.9 12.9 12.9 12.9
  2400| 14.5 14.5 14.5 14.5 14.7 14.7 14.7 14.7 14.7 13.9 13.3 12.8 12.7 12.6 12.6 12.6
  2800| 14.6 14.6 14.6 14.6 14.6 14.6 14.6 14.6 14.7 14.0 13.3 13.0 12.8 12.6 12.6 12.6
  3200| 14.6 14.6 14.6 14.6 14.7 14.7 14.7 14.7 14.1 13.8 13.4 13.2 12.9 12.5 12.5 12.5
  3600| 14.7 14.7 14.7 14.7 14.7 14.7 14.7 14.3 13.8 13.5 13.3 13.1 12.5 12.4 12.4 12.4
  4000| 14.7 14.7 14.7 14.7 14.9 14.9 14.9 14.1 13.8 13.2 12.9 12.5 12.4 12.1 12.1 12.1
  4400| 14.6 14.6 14.9 14.9 14.9 14.9 14.7 14.3 13.8 13.2 12.6 12.4 11.9 11.8 11.6 11.6
  4800| 14.7 14.7 14.7 14.1 14.1 13.7 13.6 13.4 13.1 12.9 12.6 12.2 11.9 11.3 11.3 11.3
  5200| 13.9 13.9 13.9 13.9 13.7 13.3 12.8 12.8 12.5 12.2 11.7 11.7 11.5 11.2 11.1 11.1
  5600| 13.7 13.7 13.7 13.7 13.3 12.6 12.3 12.1 12.1 11.6 11.4 11.3 11.1 10.9 10.9 10.8
  6000| 13.6 13.6 13.6 13.4 13.2 12.5 12.2 12.1 11.7 11.3 11.3 11.1 10.9 10.8 10.8 10.7
  6400| 13.4 13.4 13.4 12.4 12.2 12.0 11.7 11.5 11.2 11.1 11.1 10.9 10.8 10.8 10.8 10.7


------------------------------------------------------------------------------
 SECONDARY FUEL @0x7500 — AFR (eq 14.7/(1+X/128))
------------------------------------------------------------------------------
RPM\TP|  1.5  2.0  2.5  3.0  3.5  4.0  4.5  5.0  6.0  6.5  7.0  8.0  9.0 10.0 11.0 13.0
   400|  6.3  6.3  6.1  6.1  6.1  6.1  6.1  6.0  6.0  6.0  6.0  6.0  6.0  6.0  6.0  6.0
   800|  5.8  5.8  5.9  5.9  5.9  5.9  5.9  5.9 13.9 13.0 13.0 13.0 13.0 13.0 13.0 13.0
  1200|  5.9  5.9  5.9  5.9  6.0  6.0  5.9  5.9 13.9 13.0 13.0 13.0 13.0 13.0 13.0 13.0
  1600|  5.8  5.8  5.9  6.0  6.0  6.0  5.9  5.9  5.9 13.9 13.0 13.0 13.0 13.0 13.0 13.0
  2000|  5.8  5.8  5.8  5.9  5.9  5.9  5.9  5.9  5.9 13.9 13.3 12.9 12.9 12.9 12.9 12.9
  2400|  5.8  5.8  5.8  5.8  5.9  5.9  5.9  5.9  5.9 13.9 13.3 12.8 12.7 12.6 12.6 12.6
  2800|  5.9  5.9  5.9  5.9  5.9  5.9  5.9  5.9  5.9 14.0 13.3 13.0 12.8 12.6 12.6 12.6
  3200|  5.9  5.9  5.9  5.9  5.9  5.9  5.9  5.9 14.1 13.8 13.4 13.2 12.9 12.5 12.5 12.5
  3600|  5.9  5.9  5.9  5.9  5.9  5.9  5.9 14.3 13.8 13.5 13.3 13.1 12.5 12.4 12.4 12.4
  4000|  5.9  5.9  5.9  5.9  5.9  5.9  5.9 14.1 13.8 13.2 12.9 12.5 12.4 12.1 12.1 12.1
  4400|  5.9  5.9  5.9  5.9  5.9  5.9 13.9 13.8 13.3 13.1 12.6 12.3 11.8 11.3 11.2 11.1
  4800| 13.9 13.9 13.7 13.6 13.6 13.5 13.3 12.8 12.8 12.5 12.5 11.7 11.2 10.8 10.8 10.6
  5200| 13.8 13.8 13.3 13.3 13.3 12.5 12.1 11.8 11.8 11.5 11.3 11.1 10.8 10.5 10.5 10.5
  5600| 13.6 13.6 13.3 13.2 12.8 12.0 11.3 11.0 10.6 10.6 10.6 10.2 10.2 10.2 10.2 10.2
  6000| 13.4 13.4 13.2 13.0 12.7 12.0 11.0 10.8 10.7 10.2 10.0 10.0 10.0 10.0 10.0 10.0
  6400| 13.1 13.1 12.4 11.8 11.5 11.4 11.1 10.7 10.3  9.9  9.9  9.9  9.9  9.9  9.9  9.9


------------------------------------------------------------------------------
 VQ / ДМРВ @0x7A70 — 64 точки, 16-бит
------------------------------------------------------------------------------
   125   125   125   128   142   168   207   259
   326   408   505   619   750   900  1069  1258
  1468  1702  1958  2240  2548  2883  3246  3640
  4065  4524  5016  5545  6112  6718  7364  8054
  8788  9569 10397 11276 12208 13193 14235 15335
 16495 17718 19007 20362 21787 23284 24856 26504
 28232 30042 31936 33918 35990 38154 40414 42772
 45232 47795 50466 53247 56141 59152 62282 65535


------------------------------------------------------------------------------
 ДАТЧИК ТЕМП. ОЖ @0x7B30 — 32 точки, °C (X-50)
------------------------------------------------------------------------------
  205 191 150 124 110  99  91  84
   78  72  68  63  59  55  51  47
   43  40  36  32  28  24  20  16
   11   7   1  -5 -12 -23 -42 -50


------------------------------------------------------------------------------
 BASE IDLE RPM @0x76B0 — 32 точки, об/мин (X*12.5)  [целевые ХХ vs температура]
------------------------------------------------------------------------------
 3188 3188 3188 3188 3188 3188 3188 3188
 3188 3188 3188 3188 3188 3188 3188 3188
  550  550  550  538  525  512  500  488
  475  462  450  438  425  425  425  425


------------------------------------------------------------------------------
 1D-КРИВЫЕ (декодированы)
------------------------------------------------------------------------------
Cold Start Enrichment @0x7E20 (мс):   78 78 65 37 25 18 9 5 5 5 5 4 4 4 4 4
Cold Start Timing Adv @0x7EC0 (°):    20 20 20 17 14 11 8 6 4 2 1 0 0 0 0 0
Warm Start Idle Inc @0x7EB0 (об/мин): 1900 1900 1600 1200 950 800 550 400 250 150 50 0 0 0 0 0
Cold Start Idle Inc @0x7F30 (об/мин): 1900 1900 1600 1200 950 800 550 400 250 150 50 0 0 0 0 0
TTP Min @0x7E80 (мс):                 8 8 8 8 8 8 8 8 8 8 8 8 8 8 8 8
TTP Max @0x7E90 (мс):                 184 184 112 104 104 104 104 106 104 104 104 104 104 104 104 104
Timing retard vs temp @0x7B90 (°):    0 0 0 ... (вся 0 — выключена)
Air Flow Limiter @0x7960:             128 ... (плоская)


------------------------------------------------------------------------------
 DWELL (накопление катушки), %
------------------------------------------------------------------------------
vs Battery @0x7B50: 99.6 99.6 99.6 99.6 99.6 99.6 99.6 48.4 35.2 27.7 23.0 19.9 17.2 15.2 13.7 12.5
vs RPM @0x7B60:      5.0  5.0  7.3 10.6 13.9 17.2 19.8 23.1 26.4 29.7 33.0 36.3 38.6 41.9 45.5 48.8
                    52.1 55.4 58.7 62.0 65.3 68.6 71.9 75.2 76.9 76.9 76.9 76.9 76.9 76.9 76.9 76.9


------------------------------------------------------------------------------
 ОСИ и СКАЛЯРЫ
------------------------------------------------------------------------------
TP Scale - Fuel   @0x7AF0:  1.5 2.0 2.5 3.0 3.5 4.0 4.5 5.0 6.0 6.5 7.0 8.0 9.0 10.0 11.0 13.0
RPM Scale - Fuel  @0x7B00:  400 800 1200 1600 2000 2400 2800 3200 3600 4000 4400 4800 5200 5600 6000 6400
TP Scale - Timing @0x7B10:  1.5 2.0 2.5 3.0 3.5 4.0 4.5 5.0 6.0 6.5 7.0 8.0 9.0 10.0 11.0 13.0
RPM Scale - Timing@0x7B20:  400 800 1200 1600 2000 2400 2800 3200 3600 4000 4400 4800 5200 5600 6000 6400

Rev Limiter       @0x7FB4 = 7800 об/мин   ; Rev Limit 2 @0x7FA4 = 7200 ; "parked" @0x7FE9 = 6050
Top Speed Limit   @0x7FA5 = 111.85 MPH (~180 км/ч)
Injector K        @0x7F2B = 257 ; Injector Latency @0x7F88 = 0.76 мс
O2 Feedback вкл при @0x7F91 = 30 °C ; O2 RICH @0x7F92 = 0.61 В ; O2 LEAN @0x7F93 = 0.23 В
VTC ON/OFF rpm    @0x79F5/0x79F6 = 450 / 6250 об/мин
==============================================================================
