==============================================================================
 РАЗБОР СЫРОГО ДАМПА ЭБУ — R32_GTS4_stock_ROM_MEC-R214B.bin
 Nissan Skyline R32 GTS4, двигатель RB20 (рядная 6), ЭБУ MEC-R214B. 32 КБ.
 Разбор НЕЗАВИСИМЫЙ: только по байтам, XDF НЕ открывался. Метод — как Z31/M30.
 Процессор HD6303. Карта памяти: CPU-адрес = смещение_в_файле + 0x8000 (как M30).
 [ФАКТ] = по форме/энтропии. [ГИПОТЕЗА] = смысл без кода/XDF.
==============================================================================


------------------------------------------------------------------------------
 A. ЗОНЫ ФАЙЛА                                                        [ФАКТ]
------------------------------------------------------------------------------
  0x0000 - 0x3FFF   КОД программы (энтропия ~6.5).
  0x4000 - 0x73FF   Заливка 0xFF (~14 КБ, пусто).
  0x7400 - 0x7FFF   КАЛИБРОВКА.
  ВАЖНО: 0x7000-0x73FF — ПУСТО (0xFF). Турбо/доп-карты у GTS4 не заполнены.


------------------------------------------------------------------------------
 B1. ЗАЖИГАНИЕ #1 @ 0x7400 (16x16, полностью). Лев. столбцы=градусы, прав.=маркер.
------------------------------------------------------------------------------
0x7400   5   5   5   5   5   5   4 131 129 128 128 128 128 128 128 128
0x7410  28  28  25  22  19  17  16 143 141 140 139 137 137 137 137 137
0x7420  32  32  31  29  27  25  23 150 146 145 144 142 140 140 140 140
0x7430  34  34  33  32  29  27  25  23 150 149 148 145 143 141 141 141
0x7440  38  38  37  35  33  31  29  27  24  22  22 148 145 142 142 142
0x7450  40  40  38  36  34  32  30  28  26  25  25 152 150 147 142 132
0x7460  41  41  39  37  35  33  32  31  27  26  26 154 151 148 145 134
0x7470  41  41  40  38  36  34  32  31  29  28  27 154 152 150 147 138
0x7480  43  43  42  40  38  36  33  31  30  29  28  27  27  24  21  10
0x7490  43  43  41  39  36  35  33  32  29  29  29  29  26  22  19  10
0x74A0  36  36  36  35  35  33  31  30  28  28  27  24  23  19  14   8
0x74B0  29  29  29  28  28  28  28  27  27  27  29  26  25  24  21  13
0x74C0  29  29  29  28  28  28  28  27  26  25  24  24  24  24  23  19
0x74D0  29  29  29  28  28  28  27  26  24  22  22  22  22  22  22  20
0x74E0  29  29  29  28  28  28  27  26  24  22  22  22  22  22  22  20
0x74F0  29  29  29  28  28  28  27  26  24  22  22  22  23  23  23  20
  ГИПОТЕЗА: карта угла зажигания (градусы + флаговые столбцы).

------------------------------------------------------------------------------
 B2. ЗАЖИГАНИЕ #2 @ 0x7C00 — ИДЕНТИЧНА B1 (проверено в дампе H). Две карты УОЗ.
------------------------------------------------------------------------------

------------------------------------------------------------------------------
 B3. ТОПЛИВО #1 @ 0x7500 (16x16, полностью). «Рич-квадрат» 192-196 (0xC0) + малые.
------------------------------------------------------------------------------
0x7500 171 171 179 179 179 179 179 185 185 185 185 185 185 185 185 185
0x7510 196 195 192 190 190 190 191 192   7  17  17  17  17  17  17  17
0x7520 193 193 191 191 188 188 190 190   7  17  17  17  17  17  17  17
0x7530 194 194 191 188 188 188 190 190 190   7  17  17  17  17  17  17
0x7540 194 194 194 192 191 190 190 191 191   7  14  18  18  18  18  18
0x7550 194 194 194 194 192 192 192 192 192   7  13  19  20  21  21  21
0x7560 193 193 193 193 193 193 193 193 192   6  14  17  19  21  21  21
0x7570 193 193 193 193 192 192 192 192   5   8  12  15  18  22  22  22
0x7580 192 192 192 192 192 192 192   4   8  11  13  16  22  24  24  24
0x7590 192 192 192 192 190 190 190   5   8  15  18  23  24  27  28  28
0x75A0 193 193 190 190 190 190   7   8  13  16  21  25  32  39  40  41
0x75B0   7   7   9  10  10  11  13  19  19  22  23  33  40  47  47  49
0x75C0   8   8  13  13  13  23  28  31  32  35  38  42  47  51  51  52
0x75D0  10  10  14  15  19  29  39  43  49  49  49  56  56  56  56  56
0x75E0  12  12  15  17  20  29  43  47  48  57  60  61  61  61  61  61
0x75F0  16  16  24  32  35  37  42  48  55  62  62  62  62  62  62  62
  ГИПОТЕЗА: карта состава смеси (AFR), флаг 0xC0 = замкнутый цикл.

------------------------------------------------------------------------------
 B4. ТОПЛИВО #2 @ 0x7D00 (16x16, полностью). Похожа на B3, тот же 0xC0-флаг.
------------------------------------------------------------------------------
0x7D00 171 171 179 179 179 179 179 185 185 185 185 185 185 185 185 185
0x7D10 196 195 192 190 190 190 191 192   7  17  17  17  17  17  17  17
0x7D20 193 193 191 191 188 188 190 190   7  17  17  17  17  17  17  17
0x7D30 194 194 191 188 188 188 190 190 190   7  17  17  17  17  17  17
0x7D40 194 194 194 192 191 190 190 191 191   7  14  18  18  18  18  18
0x7D50 194 194 194 194 192 192 192 192 192   7  13  19  20  21  21  21
0x7D60 193 193 193 193 193 193 193 193 192   6  14  17  19  21  21  21
0x7D70 193 193 193 193 192 192 192 192   5   8  12  15  18  22  22  22
0x7D80 192 192 192 192 192 192 192   4   8  11  13  16  22  24  24  24
0x7D90 192 192 192 192 190 190 190   5   8  15  18  23  24  27  28  28
0x7DA0 193 193 190 190 190 190 192   4   8  15  21  24  30  32  34  34
0x7DB0 192 192 192   5   5   9  10  12  16  18  21  26  30  39  39  39
0x7DC0   7   7   7   7   9  14  19  19  23  26  33  33  36  40  41  41
0x7DD0   9   9   9   9  14  21  25  27  27  34  37  39  42  45  45  46
0x7DE0  10  10  10  12  15  22  26  28  33  38  39  41  44  47  47  48
0x7DF0  12  12  12  24  26  29  33  36  40  41  42  45  46  47  47  48


------------------------------------------------------------------------------
 C. VQ / ДМРВ (MAF) @ 0x7A70 — 16-бит (big-endian пары), 64 точки [ФАКТ]
------------------------------------------------------------------------------
   0x7A70: 125 125 125 128 142 168 207 259 326 408 505 619 750 900 1069 1258 ...
   растёт экспоненциально. !!! БАЙТ В БАЙТ как у M30 — таблица ОБЩАЯ для ECCS.


------------------------------------------------------------------------------
 D. ТАРИРОВКА ТЕМП. ОЖ @ 0x7B30 (32 точки, полностью). °C = X-50.   [ФАКТ]
------------------------------------------------------------------------------
0x7B30 255 241 200 174 160 149 141 134 128 122 118 113 109 105 101  97
0x7B40  93  90  86  82  78  74  70  66  61  57  51  45  38  27   8   0
   !!! ИДЕНТИЧНА M30 (0x7B30). Термистор, общая таблица семейства.
   Dwell (батарея) @ 0x7B50 ; Dwell (RPM) @ 0x7B60.


------------------------------------------------------------------------------
 E. ОСИ @ 0x7AF0-0x7B2F (полностью)                                  [ФАКТ]
------------------------------------------------------------------------------
0x7AF0  12 16 20 24 28 32 36 40 48 52 56 64 72 80 88 104   (TP-Fuel)
0x7B00   8 16 24 32 40 48 56 64 72 80 88 96 104 112 120 128 (RPM-Fuel)
0x7B10  12 16 20 24 28 32 36 40 48 52 56 64 72 80 88 104   (TP-Timing)
0x7B20   8 16 24 32 40 48 56 64 72 80 88 96 104 112 120 128 (RPM-Timing)


------------------------------------------------------------------------------
 F. СТРУКТУРНЫЙ БЛОК @ 0x7600-0x76BF — таблица указателей Consult/диагностики
    (записи с индексами и 0xFF-маркерами; как блок 0x6A00 у M30). [структура ФАКТ]
------------------------------------------------------------------------------

------------------------------------------------------------------------------
 G. 1D-КРИВЫЕ / СКАЛЯРЫ (полные значения — в разделе H)  [форма=ФАКТ, смысл=гип.]
------------------------------------------------------------------------------
   спады (обогащение?): 0x7740 179->32, 0x78E0 106->28, 0x7BC0 243->64, 0x7E00 64->6
   росты: 0x7700 6->24, 0x7B60 15->233
   множитель?: 0x7BF0 128->255 (от 0x80=1.0)
   плоские/конст: 0x76F0(18), 0x7730(64), 0x7890(64), 0x7960(128), 0x7B90(0),
                  0x7BB0(240), 0x7990(0), 0x7E70(0), 0x7E80(8)
   оси-ступени: 0x79A0-0x79D0 (56..112)


==============================================================================
 H. ПОЛНЫЙ НЕПРЕРЫВНЫЙ ДАМП ЗОНЫ ДАННЫХ 0x7400-0x7FFF  [всё, без сокращений]
==============================================================================
0x07400    5   5   5   5   5   5   4 131 129 128 128 128 128 128 128 128
0x07410   28  28  25  22  19  17  16 143 141 140 139 137 137 137 137 137
0x07420   32  32  31  29  27  25  23 150 146 145 144 142 140 140 140 140
0x07430   34  34  33  32  29  27  25  23 150 149 148 145 143 141 141 141
0x07440   38  38  37  35  33  31  29  27  24  22  22 148 145 142 142 142
0x07450   40  40  38  36  34  32  30  28  26  25  25 152 150 147 142 132
0x07460   41  41  39  37  35  33  32  31  27  26  26 154 151 148 145 134
0x07470   41  41  40  38  36  34  32  31  29  28  27 154 152 150 147 138
0x07480   43  43  42  40  38  36  33  31  30  29  28  27  27  24  21  10
0x07490   43  43  41  39  36  35  33  32  29  29  29  29  26  22  19  10
0x074A0   36  36  36  35  35  33  31  30  28  28  27  24  23  19  14   8
0x074B0   29  29  29  28  28  28  28  27  27  27  29  26  25  24  21  13
0x074C0   29  29  29  28  28  28  28  27  26  25  24  24  24  24  23  19
0x074D0   29  29  29  28  28  28  27  26  24  22  22  22  22  22  22  20
0x074E0   29  29  29  28  28  28  27  26  24  22  22  22  22  22  22  20
0x074F0   29  29  29  28  28  28  27  26  24  22  22  22  23  23  23  20
0x07500  171 171 179 179 179 179 179 185 185 185 185 185 185 185 185 185
0x07510  196 195 192 190 190 190 191 192   7  17  17  17  17  17  17  17
0x07520  193 193 191 191 188 188 190 190   7  17  17  17  17  17  17  17
0x07530  194 194 191 188 188 188 190 190 190   7  17  17  17  17  17  17
0x07540  194 194 194 192 191 190 190 191 191   7  14  18  18  18  18  18
0x07550  194 194 194 194 192 192 192 192 192   7  13  19  20  21  21  21
0x07560  193 193 193 193 193 193 193 193 192   6  14  17  19  21  21  21
0x07570  193 193 193 193 192 192 192 192   5   8  12  15  18  22  22  22
0x07580  192 192 192 192 192 192 192   4   8  11  13  16  22  24  24  24
0x07590  192 192 192 192 190 190 190   5   8  15  18  23  24  27  28  28
0x075A0  193 193 190 190 190 190   7   8  13  16  21  25  32  39  40  41
0x075B0    7   7   9  10  10  11  13  19  19  22  23  33  40  47  47  49
0x075C0    8   8  13  13  13  23  28  31  32  35  38  42  47  51  51  52
0x075D0   10  10  14  15  19  29  39  43  49  49  49  56  56  56  56  56
0x075E0   12  12  15  17  20  29  43  47  48  57  60  61  61  61  61  61
0x075F0   16  16  24  32  35  37  42  48  55  62  62  62  62  62  62  62
0x07600   20  10  20  11 255 255 255 255  20   8  20   9 255 255 255 255
0x07610   20  12  20   0 255 255  20   7  20   4  20 148 255 255 255 255
0x07620  255 255 255 255 255 255  21 161  20  78  20  79  20  16  20 205
0x07630  255 255 255 255  20 214 255 255  21  63 255 255   0 219   0 220
0x07640  255 255  21 162 255 255 255 255 255 255 255 255 255 255 255 255
0x07650    1   1   2   3   4   5 255 255  16   9 255 255 255 255 255 255
0x07660  255 255   2  83 255 255   8  87  16  89 255 255 255 255 255 255
0x07670  255 255 255 255 255 255 255 255 255 255 255 255 255 255 255 255
          [^ повтор x4 до 0x076BF]
0x076C0   44  44  44  43  42  41  40  39  38  37  36  35  34  34  34  34
0x076D0  184 184 112 104 104 104 104 106 104 104 104 104 104 104 104 104
0x076E0  184 184 112 104 104 104 104 106 104 104 104 104 104 104 104 104
0x076F0   18  18  18  18  18  18  18  18  18  18  18  18  18  18  18  18
0x07700    6   9  12  15  18  21  24  24  24  24  24  24  24  24  24  24
0x07710   64  64  64  64  60  56  52  48  44  40  36  32  28  24  20  16
0x07720    0   0   6  13  19  26  26  26  26  26  26  26  26  26  26  26
0x07730   64  64  64  64  64  64  64  64  64  64  64  64  64  64  64  64
0x07740  179 179 178 175 169 161 149 132 112  92  72  52  32  32  32  32
0x07750    1   5  10  20  33  49  66  78  82  82  82  82  82  82  82  82
0x07760    1   2   3   3   3   3   3   3   3   3   3   3   3   3   3   3
0x07770    0   0   0   0   0   0   0   0   0   0   0   0   0   0   0   0
0x07780   68  20   6 255  10  10 240 240   5 240 240  58   1 160 255 255
0x07790   26  25  30  20 240  96  50   0   1   5  64   0   0   0  31 128
0x077A0    0 192   0   0   0   0  48  38  49  49  85  54  48  76   0 102
0x077B0    0 128   1   2   3   0   2   1   0   4  16   5   4  20  88  34
0x077C0    0   0   0  14  20  23  25  27  28  29  30  31  32  33  34  35
0x077D0   36  37  38  39  40  41  42  43  44  45  46  47  48  49  50  51
0x077E0   11  11  14  17  20  22  25  27  30  32  35  37  38  40  40  40
0x077F0  200 200 200 200 200 200 200 200 200 200 200 100 100 100 200 200
0x07800  255 255 255 255 255 255 255 255 255 255 255 255 255 255 255 255
0x07810   16  16  16  16  16  16  16  16  16  16  24  32  36  40  40  40
0x07820  128 128 128 128  77  51  27  27  19  17  17  17  17  17  17  17
0x07830  160 160 160 160 160 140 120 108 100  98  97  96  96  96  96  96
0x07840  110  90  64 120 160   1  40  10   3  16  80  70   0   4 255  80
0x07850   10 230 150 160  20  40  20  58   4  50  12 255 255  24  20  13
0x07860   43  28  19  47  39  28  47  50  48  10  32  48  16  32  48  64
0x07870  100  30  60   4 119  70  30   5 255  32 240  72 150   8 150  40
0x07880  150  20   0 150  65  20   1 150   4 160  50  96  32  12  11   9
0x07890   64  64  64  64  64  64  64  64  64  64  64  64  64  64  64  64
0x078A0  255 255 255 255 255 255 154 154 154 154 154 154 154 154 154 154
0x078B0   20  20  20  20  20  20  20  20  20  20  20  20  20  20  22  24
0x078C0   68  68  68  68  68  68  68  68  68  68  68  68  68  70  72  74
0x078D0   40  40  40  40  40  40  40  40  40  40  40  40  40  42  42  44
0x078E0  106 106 101  92  84  76  67  59  50  42  35  31  28  28  28  28
0x078F0   30  37  37  37  37  37  37  37  35  31  29  27  27  25  23  21
0x07900   20  20  20  20  20  20  20  20  20  20  20  20  20  20  20  20
0x07910   15  20  35  50  70 100 120 150   0   9  15   0   0  15   0   9
0x07920   15  25  25  25 224 128  16  32   0  25  25  25  25  20  36  68
0x07930   20 250   0  16  28  32   4  20  40  80   5  25  40   2  14  24
0x07940    0   0   0   0   0   2   4   4   4   2   0   0   0   0   0   0
0x07950    0   0   0   0   0   2   5   5   5   5   5   4   3   2   1   0
0x07960  128 128 128 128 128 128 128 128 128 128 128 128 128 128 128 128
0x07970   48  48  48  48  52  52  52  52  52  52  52  54  56  58  60  58
0x07980    0   0   0   0   0   0   0   0   0   1   1   2   2   3   3   4
0x07990    0   0   0   0   0   0   0   0   0   0   0   0   0   0   0   0
0x079A0   56  56  56  56  56  56  64  72  80  88  96 104 112 112 112 112
0x079B0   40  42  44  46  48  52  60  68  76  84  92 100 108 112 112 112
0x079C0   24  28  32  36  40  48  56  64  72  80  88  96 104 112 112 112
0x079D0   16  20  24  28  36  44  52  60  68  76  84  92 100 108 112 112
0x079E0  152 255 255   0   5   5   0   0   0   0   0   0 180  80   0  60
0x079F0    0 100 160  64 255   9 125 145  40  20  10  48 255 255 255   1
0x07A00    6   4  14   3 200  20 255  64 204 204 100  90   3  63  63  63
0x07A10   63  63  63   2  40   0 255  63  63  63  63  63  63  63  63  63
0x07A20   32  32  36  40  44  48  52  56  60  64  64  64  64  64  64  64
0x07A30   20  20  24  24  28  28  28  28  32  32  32  32  36  36  36  36
0x07A40    0  32  64  70  74  77  79  81  83  84  85 128 192 255 255 255
0x07A50   48  56  60  64  64  64  60  52  44  36  32  32  32  32  32  32
0x07A60   64  64  64  64  64  64  64  64  64  64  64  64  64  64  64  64
0x07A70    0 125   0 125   0 125   0 128   0 142   0 168   0 207   1   3
0x07A80    1  70   1 152   1 249   2 107   2 238   3 132   4  45   4 234
0x07A90    5 188   6 166   7 166   8 192   9 244  11  67  12 174  14  56
0x07AA0   15 225  17 172  19 152  21 169  23 224  26  62  28 196  31 118
0x07AB0   34  84  37  97  40 157  44  12  47 176  51 137  55 155  59 231
0x07AC0   64 111  69  54  74  63  79 138  85  27  90 244  97  24 103 136
0x07AD0  110  72 117  90 124 192 132 126 140 150 149  10 157 222 167  20
0x07AE0  176 176 186 179 197  34 207 255 219  77 231  16 243  74 255 255
0x07AF0   12  16  20  24  28  32  36  40  48  52  56  64  72  80  88 104
0x07B00    8  16  24  32  40  48  56  64  72  80  88  96 104 112 120 128
0x07B10   12  16  20  24  28  32  36  40  48  52  56  64  72  80  88 104
0x07B20    8  16  24  32  40  48  56  64  72  80  88  96 104 112 120 128
0x07B30  255 241 200 174 160 149 141 134 128 122 118 113 109 105 101  97
0x07B40   93  90  86  82  78  74  70  66  61  57  51  45  38  27   8   0
0x07B50  255 255 255 255 255 255 255 124  90  71  59  51  44  39  35  32
0x07B60   15  15  22  32  42  52  60  70  80  90 100 110 117 127 138 148
0x07B70  158 168 178 188 198 208 218 228 233 233 233 233 233 233 233 233
0x07B80    0   0   0   0   0   0  48  64  80  88  96 112 112 112 112 112
0x07B90    0   0   0   0   0   0   0   0   0   0   0   0   0   0   0   0
0x07BA0    8  48  52  56 255 255 255 255   8  80  84 128 132 255 255 255
0x07BB0  240 240 240 240 240 240 240 240 240 240 240 240 240 240 240 240
0x07BC0  243 243 230 211 192 173 154 134 115  96  80  70  64  64  64  64
0x07BD0  200 200 200 200 200 200 200 200 200 200 200 100 100 100 200 200
0x07BE0    0   0   0   0   0   5  10  15  15  15  15  15  15  15  15  15
0x07BF0  128 128 128 128 128 128 130 131 132 134 136 147 182 218 255 255
0x07C00    5   5   5   5   5   5   4 131 129 128 128 128 128 128 128 128
0x07C10   28  28  25  22  19  17  16 143 141 140 139 137 137 137 137 137
0x07C20   32  32  31  29  27  25  23 150 146 145 144 142 140 140 140 140
0x07C30   34  34  33  32  29  27  25  23 150 149 148 145 143 141 141 141
0x07C40   38  38  37  35  33  31  29  27  24  22  22 148 145 142 142 142
0x07C50   40  40  38  36  34  32  30  28  26  25  25 152 150 147 142 132
0x07C60   41  41  39  37  35  33  32  31  27  26  26 154 151 148 145 134
0x07C70   41  41  40  38  36  34  32  31  29  28  27 154 152 150 147 138
0x07C80   43  43  42  40  38  36  33  31  30  29  28  27  27  24  21  10
0x07C90   43  43  41  39  36  35  33  32  29  29  29  29  26  22  19  10
0x07CA0   36  36  36  35  35  33  31  30  28  28  27  24  23  19  14   8
0x07CB0   29  29  29  28  28  28  28  27  27  27  29  26  25  24  21  13
0x07CC0   29  29  29  28  28  28  28  27  26  25  24  24  24  24  23  19
0x07CD0   29  29  29  28  28  28  27  26  24  22  22  22  22  22  22  20
0x07CE0   29  29  29  28  28  28  27  26  24  22  22  22  22  22  22  20
0x07CF0   29  29  29  28  28  28  27  26  24  22  22  22  23  23  23  20
0x07D00  171 171 179 179 179 179 179 185 185 185 185 185 185 185 185 185
0x07D10  196 195 192 190 190 190 191 192   7  17  17  17  17  17  17  17
0x07D20  193 193 191 191 188 188 190 190   7  17  17  17  17  17  17  17
0x07D30  194 194 191 188 188 188 190 190 190   7  17  17  17  17  17  17
0x07D40  194 194 194 192 191 190 190 191 191   7  14  18  18  18  18  18
0x07D50  194 194 194 194 192 192 192 192 192   7  13  19  20  21  21  21
0x07D60  193 193 193 193 193 193 193 193 192   6  14  17  19  21  21  21
0x07D70  193 193 193 193 192 192 192 192   5   8  12  15  18  22  22  22
0x07D80  192 192 192 192 192 192 192   4   8  11  13  16  22  24  24  24
0x07D90  192 192 192 192 190 190 190   5   8  15  18  23  24  27  28  28
0x07DA0  193 193 190 190 190 190 192   4   8  15  21  24  30  32  34  34
0x07DB0  192 192 192   5   5   9  10  12  16  18  21  26  30  39  39  39
0x07DC0    7   7   7   7   9  14  19  19  23  26  33  33  36  40  41  41
0x07DD0    9   9   9   9  14  21  25  27  27  34  37  39  42  45  45  46
0x07DE0   10  10  10  12  15  22  26  28  33  38  39  41  44  47  47  48
0x07DF0   12  12  12  24  26  29  33  36  40  41  42  45  46  47  47  48
0x07E00   64  64  64  60  50  36  26  19  14  10   8   6   6   6   6   6
0x07E10    0   5  10  15  15  15  15  15  20  20  20  20  20  20  20  20
0x07E20   78  78  65  37  25  18   9   5   5   5   5   4   4   4   4   4
0x07E30  132 132 132  92  76  70  67  64  61  58  55  52  52  52  56  60
0x07E40  120 120 120  80  64  58  55  52  49  46  43  40  40  40  44  48
0x07E50   22  22  20  19  18  16  16  16  16  16  16  14  12  10   8   6
0x07E60  112 112 112 100  88  88  88  88  83  73  66  56  52  52  56  64
0x07E70    0   0   0   0   0   0   0   0   0   0   0   0   0   0   0   0
0x07E80    8   8   8   8   8   8   8   8   8   8   8   8   8   8   8   8
0x07E90  184 184 112 104 104 104 104 106 104 104 104 104 104 104 104 104
0x07EA0    0   5  10  15  15  15  15  15  20  20  20  20  20  20  20  20
0x07EB0   38  38  32  24  19  16  11   8   5   3   1   0   0   0   0   0
0x07EC0   20  20  20  17  14  11   8   6   4   2   1   0   0   0   0   0
0x07ED0    0   0   0  10  20  20  20  20  22  24  25  25  26  28  32  38
0x07EE0  192  20  72  76   3  55  51  80   0 224  64  48   0  58  32 192
0x07EF0   32  32 192  60  65   0   1   0  10   4  20   0 255  36  72  40
0x07F00   72   1  10  96  32 255  32 192  80  80  96 128  32 192   0   6
0x07F10  255   0 155   5   3   8  64  64 255 255   5 247  60 255 100  20
0x07F20    8  86  65 255  40  20   1   8   0   0  66   1   1   0  80 171
0x07F30   38  38  32  24  19  16  11   8   5   3   1   0   0   0   0   0
0x07F40  144 144 144 112  96  90  87  84  81  78  75  72  72  72  76  80
0x07F50  128 128 128  88  72  66  63  60  57  54  51  48  48  48  52  56
0x07F60    0   5  10  15  15  12   9   7   7   7   7   7   7   8  12  20
0x07F70   24 120  64 255  52 255 255 255 180 180 196 236  25  35 200  40
0x07F80  254 255  34 255  51   0 255 184  76   0 255 151 255  18   4 255
0x07F90   20  80  61  23  43  48   0   0  80  40  64  52  56  64  20  40
0x07FA0   53  58  31   1 144  90   1   0   0  24 255  10  64 128  20  56
0x07FB0  255  18  32  50 156 100  10   1   1  51  10  72   3  52  80  50
0x07FC0   80  28  12  12  10 241  40  60   4  83 255 140 145 255 255 255
0x07FD0   90  76   5  21  80 115  48  64  64  15  36  48  40  88   0   0
0x07FE0    0   9  15   0   0  15   0   9  15 121 177 216 177 216 177 216
0x07FF0  172 167 190 224 190 223 190 222 130 202 177 216 190 225 177 216


==============================================================================
 ИТОГ (только R32, без XDF)
==============================================================================
 R32/RB20 устроен ПО ТОЙ ЖЕ схеме, что наши VG30-ЭБУ: две карты зажигания
 (0x7400/0x7C00 — идентичны), две топливные (0x7500/0x7D00, флаг 0xC0), VQ 16-бит
 (0x7A70), тарировка ОЖ (0x7B30), оси (0x7AF0-0x7B2F), Consult-блок (0x7600),
 кривые/скаляры. Карта памяти file+0x8000 — как у M30.
 ГЛАВНОЕ: VQ (0x7A70) и тарировка ОЖ (0x7B30) — БАЙТ В БАЙТ как у M30. Эти таблицы
 ОБЩИЕ для всего семейства ECCS — наработки переносятся напрямую.
 Турбо/доп-карты (0x7000-0x73FF) в этом дампе GTS4 пустые (0xFF).
==============================================================================
