==============================================================================
 РАЗБОР СЫРОГО ДАМПА ЭБУ — infiniti90m30at (1).bin
 Infiniti M30 (90-92), VG30E, АКПП.  Размер: 32768 байт = 32 КБ.
 Разбор НЕЗАВИСИМЫЙ: только по байтам, XDF НЕ открывался. Метод — как на Z31.
 "Факт" = по форме/энтропии. "Гипотеза" = смысл (тип/масштаб), без XDF/кода.
==============================================================================


------------------------------------------------------------------------------
 A. ЗОНЫ ФАЙЛА                                                        [ФАКТ]
------------------------------------------------------------------------------
  0x0000 - 0x49FF   КОД программы. Шум (энтропия ~6.3). ВАЖНО: код идёт С НАЧАЛА,
                    FF-паддинга в начале НЕТ (у Z31 первые 16КБ были пусты).
  0x4A00 - 0x69FF   Заливка 0x3F (63), ~8 КБ. Пусто.
  0x6A00 - 0x6EFF   Данные: повторяющиеся структурированные блоки (см. G).
  0x6F00 - 0x73FF   Заливки 0x3F / 0x00.
  0x7400 - 0x7FFF   Основная КАЛИБРОВКА (карты, оси, VQ, тарировки, кривые, скаляры).

  Итог: калибровка раскидана (0x6A00 и 0x7400-0x7FFF), а не одним блоком.


------------------------------------------------------------------------------
 B. 2D-КАРТЫ (16x16)                                  [форма=ФАКТ, смысл=гипотеза]
------------------------------------------------------------------------------
 Найдено ДВЕ пары карт (по форме — топливо и зажигание, продублированы).

 B1. ТОПЛИВНАЯ #1 @ 0x7400 (16x16, полностью) — «рич-квадрат» 192 (0xC0) + рост.
        0x7400  192 192 192 192 192 192 192 192 192 192 192 192  11  18  26  26
        0x7410  192 192 192 192 192 192 192 192 192 192 192  11  18  26  26  26
        0x7420  192 192 192 192 192 192 192 192 192 192 192  18  24  24  24  24
        0x7430  192 192 192 192 192 192 192 192 192 192 192 192 192 192  21  21
        0x7440  192 192 192 192 192 192 192 192 192 192 192 192 192 192 192  24
        0x7450  192 192 192 192 192 192 192 192 192 192 192 192 192 192 192  25
        0x7460  192 192 192 192 192 192 192 192 192 192  10  10  10  12  16  28
        0x7470  192 192 192 192 192 192  10  10  10  10  10  10  10  11  19  30
        0x7480  192 192 192 192 192 192  10  10  10  10  10  10  11  15  31  31
        0x7490  192 192 192 192 192 192  10  10  10  10  10  12  16  23  32  32
        0x74A0  192 192 192 192 192 192  10  10  10  10  12  16  23  26  33  33
        0x74B0  192 192 192 192 192 192  10  10  10  12  16  23  30  32  34  34
        0x74C0  192 192 192 192 192 192  10  10  12  16  23  30  36  36  36  36
        0x74D0   12  12  12  12  14  16  17  18  26  30  35  38  41  41  41  41
        0x74E0   14  14  14  14  16  17  22  26  30  35  38  41  46  46  46  46
        0x74F0   16  16  16  16  17  22  26  30  35  38  42  47  52  52  52  52
     ГИПОТЕЗА: карта состава смеси (AFR), с флагом замкнутый/открытый цикл.

 B2. ТОПЛИВНАЯ #2 @ 0x7D00 (16x16, полностью) — почти копия B1, тот же 0xC0-флаг:
        0x7D00  192 192 192 192 192 192 192 192 192 192 192 192  11  18  26  26
        0x7D10  192 192 192 192 192 192 192 192 192 192 192  11  18  26  26  26
        0x7D20  192 192 192 192 192 192 192 192 192 192 192  18  24  24  24  24
        0x7D30  192 192 192 192 192 192 192 192 192 192 192 192 192 192  21  21
        0x7D40  192 192 192 192 192 192 192 192 192 192 192 192 192 192 192  24
        0x7D50  192 192 192 192 192 192 192 192 192 192 192 192 192 192 192  25
        0x7D60  192 192 192 192 192 192 192 192 192 192 192 192 192 192 192  28
        0x7D70  192 192 192 192 192 192 192 192 192 192 192 192 192 192  19  30
        0x7D80  192 192 192 192 192 192 192 192 192 192 192 192  11  19  31  31
        0x7D90  192 192 192 192 192 192 192 192 192 192 192  12  18  23  32  32
        0x7DA0  192 192 192 192 192 192 192 192 192 192  12  18  23  26  33  33
        0x7DB0  192 192 192 192 192 192 192 192 192  12  18  23  30  32  34  34
        0x7DC0  192 192 192 192 192 192 192 192  12  18  23  30  36  36  36  36
        0x7DD0   12  12  12  12  14  16  17  22  26  30  35  38  41  41  41  41
        0x7DE0   14  14  14  14  16  17  22  26  30  35  38  41  46  46  46  46
        0x7DF0   16  16  16  16  17  22  26  30  35  38  42  46  52  52  52  52
     ГИПОТЕЗА: вторая топливная (другой режим/АКПП/диапазон). Две топл. карты.

 B3. ЗАЖИГАНИЕ #1 @ 0x7800 (16x16, полностью) — гладкая «горб»-карта, значения 0..45.
        0x7800   20  20  15  15  14  13  12  11   9   8   7   5   2   0 251 251
        0x7810   20  20  20  20  15  15  15  15  13  10   8   6   5   4   3   2
        0x7820   27  32  35  35  35  34  30  25  20  18  16  14  12  10   7   4
        0x7830   28  35  35  35  35  35  35  31  28  25  21  15  14  12  10   7
        0x7840   28  35  37  37  37  37  37  32  29  26  22  16  15  14  12   9
        0x7850   28  35  40  40  40  40  40  37  34  29  24  20  17  16 143 141
        0x7860   29  35  40  40  40  40  40  40  36  33  29  24  19  18 145 143
        0x7870   35  38  40  43  43  43  43  41  39  37  34  30  25  21 146 143
        0x7880   35  38  40  45  45  45  45  43  41  37  35  30  25  21 148 143
        0x7890   35  40  45  45  45  45  45  43  41  38  36  31  27  24  23  20
        0x78A0   35  40  45  45  45  45  45  42  40  38  35  32  30  27  26  26
        0x78B0   35  40  45  45  45  45  45  42  40  38  35  34  33  29  24  24
        0x78C0   35  40  45  45  45  45  45  42  40  38  35  34  33  29  24  24
        0x78D0   35  40  45  45  45  45  45  42  40  38  35  34  33  29  26  26
        0x78E0   35  40  45  45  45  45  45  42  40  38  35  34  33  30  27  27
        0x78F0   35  40  45  45  45  45  45  42  40  38  35  34  33  30  28  28
     ГИПОТЕЗА: карта угла зажигания (значение ~= градусы). Лев. 0..7 столбцы —
     ось; справа байты 143-152 в столбцах 14-15 (флаг/доп.данные?).

 B4. ЗАЖИГАНИЕ #2 @ 0x7C00 (16x16, полностью) — почти копия B3, значения 0..50.
        0x7C00   20  20  15  15  14  13  12  11   9   8   7   5   2   0 251 251
        0x7C10   20  20  20  20  20  26  25  21  17  13   9   5   4   1   1   1
        0x7C20   27  32  35  38  38  36  34  33  32  28  24  20  16   8   6   6
        0x7C30   28  35  38  40  40  40  38  36  35  32  28  23  17  11  10   8
        0x7C40   28  35  37  40  42  42  41  39  38  36  32  26  19  14  12  12
        0x7C50   29  35  40  42  44  44  44  44  42  38  32  27  22 146 144 144
        0x7C60   35  40  43  45  46  46  46  46  45  40  35  29  25 149 147 147
        0x7C70   35  40  45  50  50  50  49  47  45  40  35  30  25 150 149 149
        0x7C80   35  40  45  50  50  50  50  48  44  40  36  32  30 154 152 152
        0x7C90   35  40  45  45  45  45  45  43  41  38  36  34  31  27  27  27
        0x7CA0   35  40  45  45  45  45  45  42  40  38  35  34  32  27  25  25
        0x7CB0   35  40  45  45  45  45  45  42  40  38  35  34  33  29  19  19
        0x7CC0   35  40  45  45  45  45  45  42  40  38  35  34  33  29  21  21
        0x7CD0   35  40  45  45  45  45  45  42  40  38  35  34  33  29  26  26
        0x7CE0   35  40  45  45  45  45  45  42  40  38  35  34  33  30  27  27
        0x7CF0   35  40  45  45  45  45  45  42  40  38  35  34  33  30  29  29
     ГИПОТЕЗА: вторая карта зажигания. Две карты УОЗ.


------------------------------------------------------------------------------
 C. 16-БИТНАЯ ТАБЛИЦА — VQ / ДМРВ (MAF)                  [форма=ФАКТ]
------------------------------------------------------------------------------
  @ 0x7A72  — пары байт (big-endian), монотонная ЭКСПОНЕНТА:
        125 125 128 142 168 207 ... растёт дальше (0x7A80: 326 408 505 619 750 ...)
  ГИПОТЕЗА: тарировка расходомера воздуха (вход АЦП -> расход). Та же сигнатура VQ.
  (рядом, 0x7A60: убывающие ряды 34 30 25 20 14 9 4 2 — вероятно кривые-коррекции.)


------------------------------------------------------------------------------
 D. ТАРИРОВКИ / СЛУЖЕБНЫЕ ТАБЛИЦЫ                       [форма=ФАКТ, смысл=гипотеза]
------------------------------------------------------------------------------
 D1. ДАТЧИК ТЕМП. ОЖ (термистор) @ 0x7B30 — 32 точки, гладкий спад 255 -> 0:
        0x7B30  255 241 200 174 160 149 141 134 128 122 118 113 109 105 101  97
        0x7B40   93  90  86  82  78  74  70  66  61  57  51  45  38  27   8   0
     ГИПОТЕЗА: тарировка ТОЖ (АЦП -> температура).

 D2. Кривая @ 0x7B50 — 255x7, затем 124 90 71 59 51 44 39 35 32 (спад).
 D3. Ось/таблица @ 0x7B60 — 15 15 39 63 95 118 142 166 177 188 199 210 221 232...
     (рост до 232, насыщение) — похоже на ось оборотов / dwell vs RPM.
 D4. Индексные ряды @ 0x7BA0 — 5 6 7 8 32 64 250 251 / 9 10 11 12 14 16 40 80.
 D5. Кривая @ 0x7BF0 — 60 55 50 45 40 35 30 30 30 25 20 15 10 10 10 10 (спад).


------------------------------------------------------------------------------
 E. ОСИ (1D возрастающие брейкпоинты)                                 [ФАКТ]
------------------------------------------------------------------------------
  0x7B20  8 16 24 28 32 36 40 48 56 64 72 80 88 96 104 112  (ось нагрузки/оборотов)
  0x74D0-0x74F0  12..52 (встроенные оси/нижние ряды топл. карты)
  0x79E0  14 14 14 14 18 24 30 34 37 40 42 46  (ось/кривая)


------------------------------------------------------------------------------
 F. 1D-КРИВЫЕ КОРРЕКЦИЙ                                 [форма=ФАКТ, смысл=гипотеза]
------------------------------------------------------------------------------
  0x7BC0  107 107 99 94 89 85 81 75 72 69 67 65 64 64 64 64   (спад)
  0x7BE0   75  75 70 67 60 54 46 32 30 12  6  0  0  0  0  0   (спад в 0)
  0x7F30   43  43 35 30 25 21 17 11  8  5  3  1  0  0  0  0   (спад)
  0x7F40  110 110 110 110 110 106 102 98 94 90 88 80 72 72 72 72  (полка+спад)
  0x7F50   80  80 80 80 80 80 80 80 80 80 80 72 64 64 64 64   (полка+спад)
  0x7F60   15  15 15 15 15 15 15 15 15 15 20 20 20 20 20 20   (полка+рост)
  ГИПОТЕЗА: поправки прогрева/обогащения/ХХ.


------------------------------------------------------------------------------
 G. СТРУКТУРНЫЙ БЛОК 0x6A00-0x6EFF                            [ФАКТ: структура есть]
------------------------------------------------------------------------------
  4 почти одинаковых 128-байт блока (0x6B00, 0x6C00, 0x6D00, 0x6E00) вида:
        0x6B00  0 1 80 242 226 255 255 236 255 2 24 243 227 233 236 255
        0x6B10  255 3 81 224 240 255 255 228 255 4 176 228 234 255 182 224
  Повторяющаяся запись с инкрементом (0,1 / 0,2 / 0,3 ...) — похоже на таблицу
  с индексами/адресами. ГИПОТЕЗА: последовательности впрыска/зажигания, либо
  диагностические/Consult-структуры. Точно — только дизассемблером.


------------------------------------------------------------------------------
 H. СКАЛЯРЫ / ХВОСТ / ВЕКТОРЫ                                 [ФАКТ + гипотеза]
------------------------------------------------------------------------------
  0x75E0  64x16 ; 0x75F0  115x10, 185x6 — константные блоки (пороги/скаляры).
  0x7900-0x793F — мелкие данные/скаляры (0 29x.., 64 64 40 22 .., пакеты чисел).
  0x7F00-0x7FFF — хвост: набор скаляров и, в самом конце, ВЕКТОРЫ:
        0x7FF8: 130 230   0x7FFA: 201 200   0x7FFE: 176 111  (служебное, не калибровка)


------------------------------------------------------------------------------
 E2. БЛОК ОСЕЙ @ 0x7AF0-0x7B2F (4 таблицы по 16, возрастают)          [ФАКТ]
------------------------------------------------------------------------------
  0x7AF0  15 18 22 26 29 37 44 50 59 66 73 80 88 93 97 102
  0x7B00   8 10 16 24 32 40 48 56 64 72 80 88 96 104 112 120
  0x7B10  15 18 22 26 29 33 37 40 44 51 58 66 73 80 95 110
  0x7B20   8 16 24 28 32 36 40 48 56 64 72 80 88 96 104 112
  ГИПОТЕЗА: scale-таблицы (TP/RPM) для пар карт топлива и зажигания.


------------------------------------------------------------------------------
 F2. КЛАСТЕР КРИВЫХ @ 0x7E00-0x7ED0 (14 кривых по 16)    [форма=ФАКТ, смысл=гипотеза]
------------------------------------------------------------------------------
  0x7E00  59 59 56 53 49 42 26 17 13 12 10  6  6  6  6  6   (спад)
  0x7E10  35 35 35 35 35 35 35 26 16  0  0  0  0  0  0  0   (спад в 0)
  0x7E20  96 96 81 64 46 32 18 11  9  7  6  6  6  6  6  6   (спад)
  0x7E30  84 84 84 84 84 84 80 76 72 68 68 68 68 68 68 68   (полка+спад)
  0x7E40  76 76 76 76 76 76 72 68 64 60 60 60 60 60 60 60   (полка+спад)
  0x7E50  22 22 20 19 18 16 16 16 16 16 16 16 16 16 16 16   (спад в полку)
  0x7E60 100 100 99 99 98 97 97 96 83 73 66 56 52 52 52 52  (спад)
  0x7E70   0  0  0  7  7  7  7  7  5  5  5  5  3  3  3  3    (ступени)
  0x7E80  10 10 10 10 10 10  8  7  7  7  7  7  7  7  7  7    (спад в полку)
  0x7E90 106 106 106 113 117 121 124 132 135 135 ... 135    (рост)
  0x7EA0  15 15 15 15 15 15 17 20 23 25 25 25 25 25 25 25   (рост)
  0x7EB0  43 43 35 30 25 19 10  8  7  5  3  1  0  0  0  0    (спад)
  0x7EC0  30 30 30 30 30 28 24 20 17 14  8  5  0  0  0  0    (спад)
  0x7ED0   0  0  0  0  0  0  0  0  0 20 38 42 46 51 55 60    (рост с нуля)
  ГИПОТЕЗА: поправки прогрева / обогащения / ХХ / угла (как раздел F).


==============================================================================
 H. ПОЛНЫЙ НЕПРЕРЫВНЫЙ ДАМП ЗОНЫ ДАННЫХ 0x6A00-0x7FFF   [всё, без сокращений]
==============================================================================
  Десятичные 0..255, по 16 в строке. Подряд идущие ОДИНАКОВЫЕ строки свёрнуты
  пометкой [^ повтор xN] — информация полная. Код 0x0000-0x49FF не дампится (это
  программа, не калибровка). VQ-таблица (16-бит) — в районе 0x7A72.

0x06A00   20  10  20  11  22  77  22  78  20   8  20   9 255 255 255 255
0x06A10   20  12  20   0 255 255  20   7   0 143  20 148 255 255  20  36
0x06A20  255 255 255 255 255 255  22 155  21 191  21 192  20  16  20 205
0x06A30  255 255 255 255  21 183 255 255  21 181 255 255  22 152  22 153
0x06A40   22 154  22 156 255 255 255 255 255 255 255 255 255 255 255 255
0x06A50    1   1   2   3   4   5 255 255  16   9 255 255 255 255 255 255
0x06A60    1  81 255 255   4  85   8  87  16  89  32  91 255 255 255 255
0x06A70  255 255 255 255 255 255 255 255 255 255 255 255 255 255 255 255
          [^ повтор x4, до 0x06ABF]
0x06AC0    0  33   1 192   0   0   0  23 128   0 128  65   0   0   0  11
0x06AD0    2  70  54  54  49  48 255 255 255 255 255 255 255 255 255 255
0x06AE0  255 255 255 255 255 255 255 255 255 255 255 255 255 255 255 255
          [^ повтор x1, до 0x06AFF]
0x06B00    0   1  80 242 226 255 255 236 255   2  24 243 227 233 236 255
0x06B10  255   3  81 224 240 255 255 228 255   4 176 228 234 255 182 224
0x06B20  240   6 176 229 234 255 182 225 241   7 176 230 234 255 182 226
0x06B30  242   8 176 231 234 255 182 227 243   9 176 232 234 255 182 234
0x06B40  244  11 176 233 234 255 182 235 245  12 128 244 246 255 255 238
0x06B50  255  13 112 245 247 255 238 231 255  14 255 255 255 255 255 255
0x06B60  255  16  80 225 235 255 255 239 255  17 112 236 237 255 207 230
0x06B70  255  18 112 238 239 255 207 229 255  19 255 255 255 255 255 255
0x06B80  255   0   0   0   0   5   0   0   0   0   0   0   0   0   0   0
0x06B90    0   0   0   0   0 255 255   3  32   0   0   0   0   0   0   0
0x06BA0    0 255 255   0   0   0   0   0   0   0   0   0   0   0  54   0
0x06BB0   96   0   0   0  15 239   0   0   0 204 239  64   0   0 255 255
0x06BC0  255 255 255 255 255 255 255 255 255 255 255 255 255 255 255 255
          [^ повтор x3, до 0x06BFF]
0x06C00    0   1  80 242 226 255 255 236 255   2  24 243 227 233 204 255
0x06C10  255   3 105 224 240 233 168 228 255   4 176 228 234 255 182 224
0x06C20  240   6 176 229 234 255 182 225 241   7 176 230 234 255 182 226
0x06C30  242   8 176 231 234 255 182 227 243   9 176 232 234 255 182 234
0x06C40  244  11 176 233 234 255 182 235 245  12 120 244 246 233 168 238
0x06C50  255  13 121 245 247 233 206 231 255  14 255 255 255 255 255 255
0x06C60  255  16  80 225 235 255 255 239 255  17 112 236 237 255 207 230
0x06C70  255  18 112 238 239 255 207 229 255  19 105 224 241 137 168 237
0x06C80  255   0   0   0   0   5   0   0   0   0   0   0   0   0   0   0
0x06C90    0   0   0   0   0 255 255   3  32   0   0   0   0   0   0   0
0x06CA0    0   0  11   0  11   0   0   0   0   0   0   0   0   0  54 255
0x06CB0  255   0   0   0  15 239   0  44  31 204 239  64   0   0 255 255
0x06CC0  255 255 255 255 255 255 255 255 255 255 255 255 255 255 255 255
          [^ повтор x3, до 0x06CFF]
0x06D00    0   1  80 242 226 255 255 236 255   2  24 243 227 233 236 255
0x06D10  255   3  80 224 240 255 255 234 255   4 176 228 234 255 182 224
0x06D20  240   6 176 229 234 255 182 225 241   7 176 230 234 255 182 226
0x06D30  242   8 176 231 234 255 182 227 243   9 176 232 234 255 182 228
0x06D40  244  11 176 233 234 255 182 229 245  12 128 244 246 255 255 238
0x06D50  255  13 112 245 247 255 238 231 255  14 255 255 255 255 255 255
0x06D60  255  16  80 225 235 255 255 239 255  17 112 236 237 255 207 230
0x06D70  255  18 112 238 239 255 207 235 255  19 255 255 255 255 255 255
0x06D80  255   0   0   0   0   5   0   0   0   0   0   0   0   0   0   0
0x06D90    0   0   0   0   0 255 255   3  32   0   0   0   0   0   0   0
0x06DA0    0 255 255   0   0   0   0   0   0   0   0   0   0   0  54   0
0x06DB0   96   0   0   0  11 255   0   0   0 200 255  64   0   0 255 255
0x06DC0  255 255 255 255 255 255 255 255 255 255 255 255 255 255 255 255
          [^ повтор x3, до 0x06DFF]
0x06E00    0   1  80 242 226 255 255 236 255   2  24 243 227 233 204 255
0x06E10  255   3 104 224 240 233 168 234 255   4 176 228 234 255 182 224
0x06E20  240   6 176 229 234 255 182 225 241   7 176 230 234 255 182 226
0x06E30  242   8 176 231 234 255 182 227 243   9 176 232 234 255 182 228
0x06E40  244  11 176 233 234 255 182 229 245  12 120 244 246 233 168 238
0x06E50  255  13 121 245 247 233 206 231 255  14 255 255 255 255 255 255
0x06E60  255  16  80 225 235 255 255 239 255  17 112 236 237 255 207 230
0x06E70  255  18 112 238 239 255 207 235 255  19 105 224 241 137 168 237
0x06E80  255   0   0   0   0   5   0   0   0   0   0   0   0   0   0   0
0x06E90    0   0   0   0   0 255 255   3  32   0   0   0   0   0   0   0
0x06EA0    0   0  11   0  11   0   0   0   0   0   0   0   0   0  54 255
0x06EB0  255   0   0   0  11 255   0  36   0 200 255  64   0   0 255 255
0x06EC0  255 255 255 255 255 255 255 255 255 255 255 255 255 255 255 255
          [^ повтор x3, до 0x06EFF]
0x06F00   63  (заливка 0x3F до 0x073FF)
0x07400  192 192 192 192 192 192 192 192 192 192 192 192  11  18  26  26
0x07410  192 192 192 192 192 192 192 192 192 192 192  11  18  26  26  26
0x07420  192 192 192 192 192 192 192 192 192 192 192  18  24  24  24  24
0x07430  192 192 192 192 192 192 192 192 192 192 192 192 192 192  21  21
0x07440  192 192 192 192 192 192 192 192 192 192 192 192 192 192 192  24
0x07450  192 192 192 192 192 192 192 192 192 192 192 192 192 192 192  25
0x07460  192 192 192 192 192 192 192 192 192 192  10  10  10  12  16  28
0x07470  192 192 192 192 192 192  10  10  10  10  10  10  10  11  19  30
0x07480  192 192 192 192 192 192  10  10  10  10  10  10  11  15  31  31
0x07490  192 192 192 192 192 192  10  10  10  10  10  12  16  23  32  32
0x074A0  192 192 192 192 192 192  10  10  10  10  12  16  23  26  33  33
0x074B0  192 192 192 192 192 192  10  10  10  12  16  23  30  32  34  34
0x074C0  192 192 192 192 192 192  10  10  12  16  23  30  36  36  36  36
0x074D0   12  12  12  12  14  16  17  18  26  30  35  38  41  41  41  41
0x074E0   14  14  14  14  16  17  22  26  30  35  38  41  46  46  46  46
0x074F0   16  16  16  16  17  22  26  30  35  38  42  47  52  52  52  52
0x07500  255  (заливка 0xFF до 0x0759F)
0x075A0  255 255 255 255 255 255 153 153 153 153 153 153 153 153 153 153
0x075B0    0   0   0   0   0   0   0   9  18  18  18  18  18  18  18  18
0x075C0    5   5   5   5   5   5  20  20  20  20  20  20  20  20  20  20
0x075D0    0   0   2   5   9  16  32  32   0   0   0   0   0   0   0   0
0x075E0   64  64  64  64  64  64  64  64  64  64  64  64  64  64  64  64
0x075F0  115 115 115 115 115 115 115 115 115 115 185 185 185 185 185 185
0x07600  113 113 113 113 113 113 136 136 113 113 113 113 113 113 113 113
0x07610  113 113 113 113 113 113 113 113 113 113 113 113 113 113 113 113
0x07620    0   0   0   0   0   0   0   0 185 185 185 185 185 185 185 185
0x07630  185 185 185 185 185 185 185 185 185 185 185 185 185 185 185 185
0x07640    0   0   0   0   0   0   0   0   0   0 185 185 185 185 185 185
0x07650  185 185 185 185 185 185 185 185 185 185 185 185 185 185 185 185
0x07660  100 105   8   8  95 150  50 100 200   5  10 158  25  35 100  48
0x07670   50   3   0 200  72  72  10  12   3 255 255   4 255 255 255 255
0x07680   56   0   0   0   0 255   0  64   5 150   0 120 100 248   3  23
0x07690   45 255   0   0  44  40  45 120  80   0  65   5 138  24  48   0
0x076A0  200   1 244  37  80   0  16   0   0  70   0   6   4   4   4   3
0x076B0    0   3   0   3   0   3   0   3   0   3   0 100 100 100   0  20
0x076C0    0   0 110   5  40  50 114  22  56   4 255 255   0 255 110  90
0x076D0    0 255   0 255 255 255 255 255   0   0   0   0   0   0   0   0
0x076E0    0  (заливка 0x00 до 0x076EF)
0x076F0   20  20  20  20  20  20  20  20  20  20  25  25  25  25  25  25
0x07700    0   0   0  32  64  96  96  96  96  96  96  96  96  96  96  96
0x07710   64  64  64  64  40  22   0   0   0   0   0   0   0   0   0   0
0x07720    0  (заливка 0x00 до 0x0772F)
0x07730   64  64  64  64  40  22   0   0   0   0   0   0   0   0   0   0
0x07740   77  77  63  58  53  49  45  38  32  26  18  13   0   0   0   0
0x07750   29  29  29  29  29  29  29  29  29  29  13  13  13  13  13  13
0x07760   30  30  30  30  30  23  17  13  12  10   7   5   0   0   0   0
0x07770  255  (заливка 0xFF до 0x0777F)
0x07780   65 120  32  70  20  60  63  50  63  63   5  63  65 120  34  52
0x07790   37  45  10   5 230  75  10   5   3  65 235 235  63  32  30   2
0x077A0   36  64  32  56  50 103  20 102   0   0   0   0   0 255 255 255
0x077B0    0   0   0   0   0   0  32   4 255 128 100  20   2   5 255 255
0x077C0    0  (заливка 0xFF до 0x077DF)
0x077E0    8   8   0   0 255 255 255 255 255 255 255 255 255  80 148 144
0x077F0   85 149 148 255 255 255 255  16  10  20   8  16 255 255 255 255
0x07800   20  20  15  15  14  13  12  11   9   8   7   5   2   0 251 251
0x07810   20  20  20  20  15  15  15  15  13  10   8   6   5   4   3   2
0x07820   27  32  35  35  35  34  30  25  20  18  16  14  12  10   7   4
0x07830   28  35  35  35  35  35  35  31  28  25  21  15  14  12  10   7
0x07840   28  35  37  37  37  37  37  32  29  26  22  16  15  14  12   9
0x07850   28  35  40  40  40  40  40  37  34  29  24  20  17  16 143 141
0x07860   29  35  40  40  40  40  40  40  36  33  29  24  19  18 145 143
0x07870   35  38  40  43  43  43  43  41  39  37  34  30  25  21 146 143
0x07880   35  38  40  45  45  45  45  43  41  37  35  30  25  21 148 143
0x07890   35  40  45  45  45  45  45  43  41  38  36  31  27  24  23  20
0x078A0   35  40  45  45  45  45  45  42  40  38  35  32  30  27  26  26
0x078B0   35  40  45  45  45  45  45  42  40  38  35  34  33  29  24  24
0x078C0   35  40  45  45  45  45  45  42  40  38  35  34  33  29  24  24
0x078D0   35  40  45  45  45  45  45  42  40  38  35  34  33  29  26  26
0x078E0   35  40  45  45  45  45  45  42  40  38  35  34  33  30  27  27
0x078F0   35  40  45  45  45  45  45  42  40  38  35  34  33  30  28  28
0x07900    0  29  29  29  29  29  29  29  29  29  29  29  29  29  29  29
0x07910   64  64  64  64  40  22   0   0   0   0   0   0   0   0   0   0
0x07920    2   5  64  43  48  43  48  43  48  64 110  10  63  44  88  88
0x07930   44  88 132  44  88 132  10  24  48  72   5  15  50  32  10  29
0x07940    0  (заливка 0x00 до 0x0795F)
0x07960  255  (заливка 0xFF до 0x0797F)
0x07980    0  (заливка 0x00 до 0x0799F)
0x079A0  255  (заливка 0xFF до 0x079DF)
0x079E0   14  14  14  14  18  24  30  34  37  40  42  46   0   0 255 255
0x079F0    0  40   0  40  24  30  34  37  40 125 155   0 150  30 100 255
0x07A00   10   0  26 255 255 255 255 110 255 255   5   1   1 153   5 255
0x07A10  107 107  99  94  89  85  81  75  72  69  67  65  64  64  64  64
0x07A20   60  (заливка 0x3C до 0x07A2F)
0x07A30   34  34  34  34  46  46  46  46  46  46  46  46  46  46  40  40
0x07A40   40  40  40  40  40  40  40  40  34  34  34  34  34  34  34  34
0x07A50   45  43  40  36  34  28  25  23  39  37  34  28  24  19  14  12
0x07A60   34  30  25  20  14   9   4   2  30  27  22  18  10   5   2   2
0x07A70    0 125   0 125   0 125   0 128   0 142   0 168   0 207   1   3
0x07A80    1  70   1 152   1 249   2 107   2 238   3 132   4  45   4 234
0x07A90    5 188   6 166   7 166   8 192   9 244  11  67  12 174  14  56
0x07AA0   15 225  17 172  19 152  21 169  23 224  26  62  28 196  31 118
0x07AB0   34  84  37  97  40 157  44  12  47 176  51 137  55 155  59 231
0x07AC0   64 111  69  54  74  63  79 138  85  27  90 244  97  24 103 136
0x07AD0  110  72 117  90 124 192 132 126 140 150 149  10 157 222 167  20
0x07AE0  176 176 186 179 197  34 207 255 219  77 231  16 243  74 255 255
0x07AF0   15  18  22  26  29  37  44  50  59  66  73  80  88  93  97 102
0x07B00    8  10  16  24  32  40  48  56  64  72  80  88  96 104 112 120
0x07B10   15  18  22  26  29  33  37  40  44  51  58  66  73  80  95 110
0x07B20    8  16  24  28  32  36  40  48  56  64  72  80  88  96 104 112
0x07B30  255 241 200 174 160 149 141 134 128 122 118 113 109 105 101  97
0x07B40   93  90  86  82  78  74  70  66  61  57  51  45  38  27   8   0
0x07B50  255 255 255 255 255 255 255 124  90  71  59  51  44  39  35  32
0x07B60   15  15  39  63  95 118 142 166 177 188 199 210 221 232 232 232
0x07B70  232  (заливка 0xE8 до 0x07B7F)
0x07B80   52  52  57  53  50  45  45  45  45  45  45  45  35  25  45  45
0x07B90    0  (заливка 0x00 до 0x07B9F)
0x07BA0    5   6   7   8  32  64 250 251   9  10  11  12  14  16  40  80
0x07BB0   63  (заливка 0x3F до 0x07BBF)
0x07BC0  107 107  99  94  89  85  81  75  72  69  67  65  64  64  64  64
0x07BD0  129   0   0  27  54  80  80  80  80  80  80  80  80  80  80  80
0x07BE0   75  75  70  67  60  54  46  32  30  12   6   0   0   0   0   0
0x07BF0   60  55  50  45  40  35  30  30  30  25  20  15  10  10  10  10
0x07C00   20  20  15  15  14  13  12  11   9   8   7   5   2   0 251 251
0x07C10   20  20  20  20  20  26  25  21  17  13   9   5   4   1   1   1
0x07C20   27  32  35  38  38  36  34  33  32  28  24  20  16   8   6   6
0x07C30   28  35  38  40  40  40  38  36  35  32  28  23  17  11  10   8
0x07C40   28  35  37  40  42  42  41  39  38  36  32  26  19  14  12  12
0x07C50   29  35  40  42  44  44  44  44  42  38  32  27  22 146 144 144
0x07C60   35  40  43  45  46  46  46  46  45  40  35  29  25 149 147 147
0x07C70   35  40  45  50  50  50  49  47  45  40  35  30  25 150 149 149
0x07C80   35  40  45  50  50  50  50  48  44  40  36  32  30 154 152 152
0x07C90   35  40  45  45  45  45  45  43  41  38  36  34  31  27  27  27
0x07CA0   35  40  45  45  45  45  45  42  40  38  35  34  32  27  25  25
0x07CB0   35  40  45  45  45  45  45  42  40  38  35  34  33  29  19  19
0x07CC0   35  40  45  45  45  45  45  42  40  38  35  34  33  29  21  21
0x07CD0   35  40  45  45  45  45  45  42  40  38  35  34  33  29  26  26
0x07CE0   35  40  45  45  45  45  45  42  40  38  35  34  33  30  27  27
0x07CF0   35  40  45  45  45  45  45  42  40  38  35  34  33  30  29  29
0x07D00  192 192 192 192 192 192 192 192 192 192 192 192  11  18  26  26
0x07D10  192 192 192 192 192 192 192 192 192 192 192  11  18  26  26  26
0x07D20  192 192 192 192 192 192 192 192 192 192 192  18  24  24  24  24
0x07D30  192 192 192 192 192 192 192 192 192 192 192 192 192 192  21  21
0x07D40  192 192 192 192 192 192 192 192 192 192 192 192 192 192 192  24
0x07D50  192 192 192 192 192 192 192 192 192 192 192 192 192 192 192  25
0x07D60  192 192 192 192 192 192 192 192 192 192 192 192 192 192 192  28
0x07D70  192 192 192 192 192 192 192 192 192 192 192 192 192 192  19  30
0x07D80  192 192 192 192 192 192 192 192 192 192 192 192  11  19  31  31
0x07D90  192 192 192 192 192 192 192 192 192 192 192  12  18  23  32  32
0x07DA0  192 192 192 192 192 192 192 192 192 192  12  18  23  26  33  33
0x07DB0  192 192 192 192 192 192 192 192 192  12  18  23  30  32  34  34
0x07DC0  192 192 192 192 192 192 192 192  12  18  23  30  36  36  36  36
0x07DD0   12  12  12  12  14  16  17  22  26  30  35  38  41  41  41  41
0x07DE0   14  14  14  14  16  17  22  26  30  35  38  41  46  46  46  46
0x07DF0   16  16  16  16  17  22  26  30  35  38  42  46  52  52  52  52
0x07E00   59  59  56  53  49  42  26  17  13  12  10   6   6   6   6   6
0x07E10   35  35  35  35  35  35  35  26  16   0   0   0   0   0   0   0
0x07E20   96  96  81  64  46  32  18  11   9   7   6   6   6   6   6   6
0x07E30   84  84  84  84  84  84  80  76  72  68  68  68  68  68  68  68
0x07E40   76  76  76  76  76  76  72  68  64  60  60  60  60  60  60  60
0x07E50   22  22  20  19  18  16  16  16  16  16  16  16  16  16  16  16
0x07E60  100 100  99  99  98  97  97  96  83  73  66  56  52  52  52  52
0x07E70    0   0   0   7   7   7   7   7   5   5   5   5   3   3   3   3
0x07E80   10  10  10  10  10  10   8   7   7   7   7   7   7   7   7   7
0x07E90  106 106 106 113 117 121 124 132 135 135 135 135 135 135 135 135
0x07EA0   15  15  15  15  15  15  17  20  23  25  25  25  25  25  25  25
0x07EB0   43  43  35  30  25  19  10   8   7   5   3   1   0   0   0   0
0x07EC0   30  30  30  30  30  28  24  20  17  14   8   5   0   0   0   0
0x07ED0    0   0   0   0   0   0   0   0   0  20  38  42  46  51  55  60
0x07EE0   22  74  76  72  17  18 102 125  60  56 255  88   0   0  61 112
0x07EF0   40  30 184  15  20 102   8   0 110   1  10   0  22  58 228  16
0x07F00   76   1 110  72  32   4  61 112  32  64  96 160  61 112  80   5
0x07F10  255  10 155   0   0 240 192 176  32   0   2  36 108 106 118   9
0x07F20   40   0  62  64 104  88  10 150 120  64 255   1  89 160  72 154
0x07F30   43  43  35  30  25  21  17  11   8   5   3   1   0   0   0   0
0x07F40  110 110 110 110 110 106 102  98  94  90  88  80  72  72  72  72
0x07F50   80  80  80  80  80  80  80  80  80  80  80  72  64  64  64  64
0x07F60   15  15  15  15  15  15  15  15  15  15  20  20  20  20  20  20
0x07F70   51 110  80 184  80 255 128 125 180 180  46  50  19 213 200  20
0x07F80   48  58  26  10   0  15  20 184  75 100 255 128 128  34   4  10
0x07F90   10  60  75  21  43  48 100 100  60  29  64  64  64  64   0   0
0x07FA0   53  58  62   1 104 255   0  48  30  20 105  11  90  25  36   0
0x07FB0    0  64   0  64 125 118  20  58   1  51   6  76 255 133 160  90
0x07FC0   50  50 255 255   5 251  82 110  37  64  16 145 150   1   1 255
0x07FD0   95 120 125   5  87 105  58  52  64  20  29  80  32  72  10  10
0x07FE0    0   0   6   0   0   8   0   0   6 255 131 200 201 200 201 200
0x07FF0  173 143 199   6 201 200 132 175 130 230 201 200 201 211 176 111


==============================================================================
 ИТОГ (только M30, без сравнения — сравнение следующим шагом)
==============================================================================
  Отделено: код (0x0000-0x49FF), большая заливка, структурный блок 0x6A00,
  и калибровка 0x7400-0x7FFF: ДВЕ топл. карты (0x7400, 0x7D00, флаг 0xC0),
  ДВЕ карты зажигания (0x7820, 0x7C00), VQ/MAF 16-бит (~0x7A72), тарировка ТОЖ
  (0x7B30), оси, десяток кривых-коррекций, скаляры, векторы.
  Сигнатуры — знакомые (0x3F заливка, 0xC0-флаг топлива, 16-бит экспонента VQ,
  термистор-спад ТОЖ). Совпадение адресов с Z31 — отдельная тема, разберём дальше.
==============================================================================
