==============================================================================
 ДЕКОДИРОВАННЫЕ ТАБЛИЦЫ infiniti90m30at (1).bin (формулы из M30-XDF применены)
 Реальные физические значения. Оси карт: строки = RPM, столбцы = TP (нагрузка).
 У M30 ДВА набора: Primary (нормальный) и Knock (детонационный). Сравнивай пары.
==============================================================================


------------------------------------------------------------------------------
 PRIMARY TIMING MAP @0x7C00 — нормальная, градусы (eq 1.0*X). [xxx]=флаг-байт
------------------------------------------------------------------------------
RPM\TP |  1.9  2.2  2.8  3.2  3.6  4.1  4.6  5.0  5.5  6.4  7.2  8.2  9.1 10.0 11.9 13.8
   400 |   20   20   15   15   14   13   12   11    9    8    7    5    2    0[251][251]
   800 |   20   20   20   20   20   26   25   21   17   13    9    5    4    1    1    1
  1200 |   27   32   35   38   38   36   34   33   32   28   24   20   16    8    6    6
  1400 |   28   35   38   40   40   40   38   36   35   32   28   23   17   11   10    8
  1600 |   28   35   37   40   42   42   41   39   38   36   32   26   19   14   12   12
  1800 |   29   35   40   42   44   44   44   44   42   38   32   27   22[146][144][144]
  2000 |   35   40   43   45   46   46   46   46   45   40   35   29   25[149][147][147]
  2400 |   35   40   45   50   50   50   49   47   45   40   35   30   25[150][149][149]
  2800 |   35   40   45   50   50   50   50   48   44   40   36   32   30[154][152][152]
  3200 |   35   40   45   45   45   45   45   43   41   38   36   34   31   27   27   27
  3600 |   35   40   45   45   45   45   45   42   40   38   35   34   32   27   25   25
  4000 |   35   40   45   45   45   45   45   42   40   38   35   34   33   29   19   19
  4400 |   35   40   45   45   45   45   45   42   40   38   35   34   33   29   21   21
  4800 |   35   40   45   45   45   45   45   42   40   38   35   34   33   29   26   26
  5200 |   35   40   45   45   45   45   45   42   40   38   35   34   33   30   27   27
  5600 |   35   40   45   45   45   45   45   42   40   38   35   34   33   30   29   29


------------------------------------------------------------------------------
 KNOCK TIMING MAP @0x7800 — детонационная, градусы. Угол УБРАН vs Primary.
------------------------------------------------------------------------------
RPM\TP |  1.9  2.2  2.8  3.2  3.6  4.1  4.6  5.0  5.5  6.4  7.2  8.2  9.1 10.0 11.9 13.8
   400 |   20   20   15   15   14   13   12   11    9    8    7    5    2    0[251][251]
   800 |   20   20   20   20   15   15   15   15   13   10    8    6    5    4    3    2
  1200 |   27   32   35   35   35   34   30   25   20   18   16   14   12   10    7    4
  1400 |   28   35   35   35   35   35   35   31   28   25   21   15   14   12   10    7
  1600 |   28   35   37   37   37   37   37   32   29   26   22   16   15   14   12    9
  1800 |   28   35   40   40   40   40   40   37   34   29   24   20   17   16[143][141]
  2000 |   29   35   40   40   40   40   40   40   36   33   29   24   19   18[145][143]
  2400 |   35   38   40   43   43   43   43   41   39   37   34   30   25   21[146][143]
  2800 |   35   38   40   45   45   45   45   43   41   37   35   30   25   21[148][143]
  3200 |   35   40   45   45   45   45   45   43   41   38   36   31   27   24   23   20
  3600 |   35   40   45   45   45   45   45   42   40   38   35   32   30   27   26   26
  4000 |   35   40   45   45   45   45   45   42   40   38   35   34   33   29   24   24
  4400 |   35   40   45   45   45   45   45   42   40   38   35   34   33   29   24   24
  4800 |   35   40   45   45   45   45   45   42   40   38   35   34   33   29   26   26
  5200 |   35   40   45   45   45   45   45   42   40   38   35   34   33   30   27   27
  5600 |   35   40   45   45   45   45   45   42   40   38   35   34   33   30   28   28
  (отличие от Primary до -12 град в средней, детонационной зоне — ряды 1200-2800.)


------------------------------------------------------------------------------
 PRIMARY FUEL MAP @0x7D00 — нормальная, AFR  (ячейка>=128 -> /(X-64), иначе /(X+128))
------------------------------------------------------------------------------
RPM\TP |  1.9  2.2  2.8  3.2  3.6  4.6  5.5  6.2  7.4  8.2  9.1 10.0 11.0 11.6 12.1 12.8
   400 | 14.7 14.7 14.7 14.7 14.7 14.7 14.7 14.7 14.7 14.7 14.7 14.7 13.5 12.9 12.2 12.2
   500 | 14.7 14.7 14.7 14.7 14.7 14.7 14.7 14.7 14.7 14.7 14.7 13.5 12.9 12.2 12.2 12.2
   800 | 14.7 14.7 14.7 14.7 14.7 14.7 14.7 14.7 14.7 14.7 14.7 12.9 12.4 12.4 12.4 12.4
  1200 | 14.7 14.7 14.7 14.7 14.7 14.7 14.7 14.7 14.7 14.7 14.7 14.7 14.7 14.7 12.6 12.6
  1600 | 14.7 14.7 14.7 14.7 14.7 14.7 14.7 14.7 14.7 14.7 14.7 14.7 14.7 14.7 14.7 12.4
  2000 | 14.7 14.7 14.7 14.7 14.7 14.7 14.7 14.7 14.7 14.7 14.7 14.7 14.7 14.7 14.7 12.3
  2400 | 14.7 14.7 14.7 14.7 14.7 14.7 14.7 14.7 14.7 14.7 14.7 14.7 14.7 14.7 14.7 12.1
  2800 | 14.7 14.7 14.7 14.7 14.7 14.7 14.7 14.7 14.7 14.7 14.7 14.7 14.7 14.7 12.8 11.9
  3200 | 14.7 14.7 14.7 14.7 14.7 14.7 14.7 14.7 14.7 14.7 14.7 14.7 13.5 12.8 11.8 11.8
  3600 | 14.7 14.7 14.7 14.7 14.7 14.7 14.7 14.7 14.7 14.7 14.7 13.4 12.9 12.5 11.8 11.8
  4000 | 14.7 14.7 14.7 14.7 14.7 14.7 14.7 14.7 14.7 14.7 13.4 12.9 12.5 12.2 11.7 11.7
  4400 | 14.7 14.7 14.7 14.7 14.7 14.7 14.7 14.7 14.7 13.4 12.9 12.5 11.9 11.8 11.6 11.6
  4800 | 14.7 14.7 14.7 14.7 14.7 14.7 14.7 14.7 13.4 12.9 12.5 11.9 11.5 11.5 11.5 11.5
  5200 | 13.4 13.4 13.4 13.4 13.3 13.1 13.0 12.5 12.2 11.9 11.5 11.3 11.1 11.1 11.1 11.1
  5600 | 13.3 13.3 13.3 13.3 13.1 13.0 12.5 12.2 11.9 11.5 11.3 11.1 10.8 10.8 10.8 10.8
  6000 | 13.1 13.1 13.1 13.1 13.0 12.5 12.2 11.9 11.5 11.3 11.1 10.8 10.5 10.5 10.5 10.5


------------------------------------------------------------------------------
 KNOCK FUEL MAP @0x7400 — детонационная, AFR. БОГАЧЕ Primary в детонац. зоне.
------------------------------------------------------------------------------
RPM\TP |  1.9  2.2  2.8  3.2  3.6  4.6  5.5  6.2  7.4  8.2  9.1 10.0 11.0 11.6 12.1 12.8
   400 | 14.7 14.7 14.7 14.7 14.7 14.7 14.7 14.7 14.7 14.7 14.7 14.7 13.5 12.9 12.2 12.2
   500 | 14.7 14.7 14.7 14.7 14.7 14.7 14.7 14.7 14.7 14.7 14.7 13.5 12.9 12.2 12.2 12.2
   800 | 14.7 14.7 14.7 14.7 14.7 14.7 14.7 14.7 14.7 14.7 14.7 12.9 12.4 12.4 12.4 12.4
  1200 | 14.7 14.7 14.7 14.7 14.7 14.7 14.7 14.7 14.7 14.7 14.7 14.7 14.7 14.7 12.6 12.6
  1600 | 14.7 14.7 14.7 14.7 14.7 14.7 14.7 14.7 14.7 14.7 14.7 14.7 14.7 14.7 14.7 12.4
  2000 | 14.7 14.7 14.7 14.7 14.7 14.7 14.7 14.7 14.7 14.7 14.7 14.7 14.7 14.7 14.7 12.3
  2400 | 14.7 14.7 14.7 14.7 14.7 14.7 14.7 14.7 14.7 14.7 13.6 13.6 13.6 13.4 13.1 12.1
  2800 | 14.7 14.7 14.7 14.7 14.7 14.7 13.6 13.6 13.6 13.6 13.6 13.6 13.6 13.5 12.8 11.9
  3200 | 14.7 14.7 14.7 14.7 14.7 14.7 13.6 13.6 13.6 13.6 13.6 13.6 13.5 13.2 11.8 11.8
  3600 | 14.7 14.7 14.7 14.7 14.7 14.7 13.6 13.6 13.6 13.6 13.6 13.4 13.1 12.5 11.8 11.8
  4000 | 14.7 14.7 14.7 14.7 14.7 14.7 13.6 13.6 13.6 13.6 13.4 13.1 12.5 12.2 11.7 11.7
  4400 | 14.7 14.7 14.7 14.7 14.7 14.7 13.6 13.6 13.6 13.4 13.1 12.5 11.9 11.8 11.6 11.6
  4800 | 14.7 14.7 14.7 14.7 14.7 14.7 13.6 13.6 13.4 13.1 12.5 11.9 11.5 11.5 11.5 11.5
  5200 | 13.4 13.4 13.4 13.4 13.3 13.1 13.0 12.9 12.2 11.9 11.5 11.3 11.1 11.1 11.1 11.1
  5600 | 13.3 13.3 13.3 13.3 13.1 13.0 12.5 12.2 11.9 11.5 11.3 11.1 10.8 10.8 10.8 10.8
  6000 | 13.1 13.1 13.1 13.1 13.0 12.5 12.2 11.9 11.5 11.3 11.1 10.8 10.5 10.5 10.5 10.5
  (vs Primary: в средней зоне 13.6 вместо 14.7 — обогащение при детонации.)


------------------------------------------------------------------------------
 VQ / ДМРВ (MAF) @0x7A70 — 64 точки, 16-бит, вход(индекс)->расход
------------------------------------------------------------------------------
   125   125   125   128   142   168   207   259
   326   408   505   619   750   900  1069  1258
  1468  1702  1958  2240  2548  2883  3246  3640
  4065  4524  5016  5545  6112  6718  7364  8054
  8788  9569 10397 11276 12208 13193 14235 15335
 16495 17718 19007 20362 21787 23284 24856 26504
 28232 30042 31936 33918 35990 38154 40414 42772
 45232 47795 50466 53247 56141 59152 62282 65535


------------------------------------------------------------------------------
 ДАТЧИК ТЕМПЕРАТУРЫ ОЖ (ТОЖ) @0x7B30 — 32 точки, выход °C (X-50)
------------------------------------------------------------------------------
  205 191 150 124 110  99  91  84
   78  72  68  63  59  55  51  47
   43  40  36  32  28  24  20  16
   11   7   1  -5 -12 -23 -42 -50


------------------------------------------------------------------------------
 1D-КРИВЫЕ (по 16 точек)
------------------------------------------------------------------------------
Cold Start Enrichment (ms):    96 96 81 64 46 32 18 11  9  7  6  6  6  6  6  6
Cold Start Timing Advance (°): 30 30 30 30 30 28 24 20 17 14  8  5  0  0  0  0
Warm Start Idle Increase(RPM):2150 2150 1750 1500 1250 950 500 400 350 250 150 50 0 0 0 0
Cold Start Idle Increase(RPM):2150 2150 1750 1500 1250 1050 850 550 400 250 150 50 0 0 0 0
TTP Min (ms):                  10 10 10 10 10 10  8  7  7  7  7  7  7  7  7  7
TTP Max (ms):                 106 106 106 113 117 121 124 132 135 135 135 135 135 135 135 135
Air Flow Limiter:             255 255 255 ... 255  (все 255 — отключён)


------------------------------------------------------------------------------
 DWELL (накопление катушки), %
------------------------------------------------------------------------------
vs Battery Voltage (16): 99.6 99.6 99.6 99.6 99.6 99.6 99.6 48.4 35.2 27.7 23.0 19.9 17.2 15.2 13.7 12.5
vs RPM (32):              5.0  5.0 12.9 20.8 31.4 38.9 46.9 54.8 58.4 62.0 65.7 69.3 72.9 76.6 76.6 76.6
                        76.6 76.6 76.6 76.6 76.6 76.6 76.6 76.6 76.6 76.6 76.6 76.6 76.6 76.6 76.6 76.6


------------------------------------------------------------------------------
 ОСИ и СКАЛЯРЫ
------------------------------------------------------------------------------
TP Scale - Fuel   @0x7AF0:  1.88 2.25 2.75 3.25 3.62 4.62 5.50 6.25 7.38 8.25 9.12 10.0 11.0 11.62 12.12 12.75
RPM Scale - Fuel  @0x7B00:  400 500 800 1200 1600 2000 2400 2800 3200 3600 4000 4400 4800 5200 5600 6000
TP Scale - Timing @0x7B10:  1.88 2.25 2.75 3.25 3.62 4.12 4.62 5.0 5.5 6.38 7.25 8.25 9.12 10.0 11.88 13.75
RPM Scale - Timing@0x7B20:  400 800 1200 1400 1600 1800 2000 2400 2800 3200 3600 4000 4400 4800 5200 5600

Rev Limiter        @0x7FB4 = 6250 об/мин
Top Speed Limit    @0x7FA5 = отключён (raw 255)
Injector Latency   @0x7F88 = 0.75 мс
O2 Feedback вкл при @0x7F91 = 10 °C
Injector K Value   @0x7F2B = 345


==============================================================================
 КЛЮЧЕВОЕ ПО ПАРАМ (нормальный / детонационный)
==============================================================================
  Зажигание: Primary (0x7C00) даёт БОЛЬШЕ угла; Knock (0x7800) убирает до -12°
             в средней зоне (1200-2800 об/мин) = защита от детонации.
  Топливо:   Primary (0x7D00) держит 14.7 (стехиометрия); Knock (0x7400)
             обогащает до 13.6 в той же зоне = охлаждение, защита от детонации.
  Логика: при детонации ЭБУ переключается на пару Knock — поздний угол + богаче.
==============================================================================
